0 0.025391 0.050694 0.039844 0.087500
0 0.075781 0.050694 0.043750 0.090278
0 0.126172 0.049306 0.044531 0.093056
0 0.174609 0.050694 0.044531 0.087500
0 0.223438 0.053472 0.040625 0.081944
0 0.274609 0.052083 0.032031 0.076389
0 0.326562 0.047917 0.050000 0.081944
0 0.376172 0.052083 0.039844 0.076389
0 0.423828 0.054167 0.041406 0.080556
0 0.471875 0.052778 0.042188 0.080556
0 0.525391 0.050000 0.039844 0.086111
0 0.574609 0.051389 0.044531 0.088889
0 0.626953 0.051389 0.036719 0.086111
0 0.673828 0.052778 0.046094 0.088889
0 0.724609 0.054861 0.044531 0.084722
0 0.775781 0.054167 0.045313 0.083333
0 0.822656 0.052083 0.032812 0.087500
0 0.869922 0.045139 0.042969 0.087500
0 0.924609 0.047917 0.042969 0.081944
0 0.970703 0.050694 0.042969 0.090278
1 0.028906 0.149306 0.037500 0.081944
1 0.076953 0.150694 0.039844 0.084722
1 0.125391 0.152778 0.046094 0.086111
1 0.176563 0.152778 0.035937 0.086111
1 0.230859 0.155556 0.052344 0.091667
1 0.275000 0.156944 0.034375 0.086111
1 0.326172 0.151389 0.044531 0.086111
1 0.372656 0.154861 0.039063 0.090278
1 0.425781 0.149306 0.046875 0.081944
1 0.470703 0.155556 0.042969 0.091667
1 0.528906 0.154167 0.051562 0.091667
1 0.572656 0.154167 0.045313 0.086111
1 0.625000 0.152083 0.048437 0.084722
1 0.675781 0.150694 0.040625 0.087500
1 0.721875 0.149306 0.040625 0.079167
1 0.770312 0.148611 0.043750 0.088889
1 0.822266 0.150000 0.039844 0.086111
1 0.873047 0.147222 0.044531 0.086111
1 0.920703 0.148611 0.032031 0.080556
1 0.970703 0.145833 0.032031 0.075000
2 0.030469 0.242361 0.039063 0.084722
2 0.072656 0.250000 0.037500 0.083333
2 0.125391 0.246528 0.047656 0.081944
2 0.177734 0.242361 0.046094 0.081944
2 0.225000 0.243750 0.037500 0.079167
2 0.271094 0.250000 0.039063 0.097222
2 0.321875 0.249306 0.046875 0.081944
2 0.376563 0.250694 0.042188 0.095833
2 0.423828 0.248611 0.041406 0.094444
2 0.474219 0.251389 0.037500 0.086111
2 0.521875 0.246528 0.035937 0.084722
2 0.578125 0.249306 0.050000 0.093056
2 0.624219 0.250000 0.045313 0.091667
2 0.674609 0.250694 0.042969 0.093056
2 0.722266 0.247917 0.038281 0.093056
2 0.771875 0.246528 0.040625 0.090278
2 0.825781 0.245833 0.045313 0.075000
2 0.871875 0.245139 0.040625 0.101389
2 0.924219 0.244444 0.046875 0.102778
2 0.973437 0.247917 0.035937 0.101389
3 0.026953 0.345139 0.041406 0.084722
3 0.073437 0.348611 0.042188 0.086111
3 0.127734 0.349306 0.044531 0.079167
3 0.170703 0.347222 0.032031 0.097222
3 0.223438 0.345139 0.050000 0.087500
3 0.276953 0.349306 0.047656 0.093056
3 0.325391 0.343750 0.038281 0.095833
3 0.375391 0.347917 0.042969 0.090278
3 0.422656 0.349306 0.037500 0.093056
3 0.474219 0.350694 0.039063 0.095833
3 0.521484 0.350694 0.036719 0.098611
3 0.571094 0.350000 0.040625 0.091667
3 0.623828 0.350694 0.047656 0.090278
3 0.672266 0.346528 0.041406 0.087500
3 0.722656 0.350000 0.037500 0.094444
3 0.772266 0.346528 0.046094 0.098611
3 0.822266 0.343750 0.038281 0.093056
3 0.874609 0.346528 0.042969 0.101389
3 0.921875 0.349306 0.029687 0.101389
3 0.973828 0.350000 0.028906 0.094444
4 0.027344 0.449306 0.032812 0.084722
4 0.072656 0.448611 0.035937 0.088889
4 0.127734 0.450000 0.035156 0.077778
4 0.173438 0.443056 0.031250 0.080556
4 0.224219 0.446528 0.043750 0.087500
4 0.276172 0.443750 0.042969 0.081944
4 0.323438 0.452778 0.039063 0.091667
4 0.376953 0.454167 0.039844 0.097222
4 0.426172 0.445139 0.042969 0.104167
4 0.476172 0.449306 0.036719 0.084722
4 0.529688 0.450000 0.031250 0.091667
4 0.575000 0.446528 0.043750 0.079167
4 0.622266 0.446528 0.033594 0.087500
4 0.671875 0.447222 0.039063 0.088889
4 0.725000 0.447917 0.040625 0.076389
4 0.775781 0.441667 0.042188 0.088889
4 0.824219 0.447917 0.035937 0.095833
4 0.876562 0.451389 0.035937 0.091667
4 0.922656 0.447917 0.040625 0.084722
4 0.976563 0.451389 0.037500 0.080556
5 0.027734 0.542361 0.041406 0.087500
5 0.077344 0.548611 0.045313 0.091667
5 0.126563 0.550000 0.040625 0.094444
5 0.173047 0.548611 0.032031 0.097222
5 0.223828 0.551389 0.036719 0.094444
5 0.278906 0.543056 0.048437 0.088889
5 0.325781 0.549306 0.043750 0.070833
5 0.375391 0.550000 0.050781 0.083333
5 0.424219 0.550000 0.043750 0.094444
5 0.475000 0.548611 0.042188 0.088889
5 0.526953 0.549306 0.041406 0.084722
5 0.573828 0.547917 0.042969 0.090278
5 0.626172 0.545139 0.047656 0.104167
5 0.673828 0.544444 0.039844 0.091667
5 0.726563 0.545139 0.043750 0.095833
5 0.775781 0.545833 0.045313 0.083333
5 0.825391 0.547917 0.042969 0.090278
5 0.873438 0.549306 0.043750 0.084722
5 0.926562 0.548611 0.039063 0.100000
5 0.971875 0.548611 0.035937 0.091667
6 0.026953 0.645833 0.038281 0.091667
6 0.075391 0.640972 0.036719 0.079167
6 0.129688 0.646528 0.032812 0.068056
6 0.174609 0.647917 0.030469 0.070833
6 0.225781 0.647917 0.048437 0.084722
6 0.280859 0.644444 0.042969 0.086111
6 0.328125 0.641667 0.042188 0.088889
6 0.375391 0.644444 0.041406 0.094444
6 0.428516 0.646528 0.036719 0.081944
6 0.475000 0.643056 0.043750 0.100000
6 0.526172 0.641667 0.044531 0.086111
6 0.577344 0.646528 0.037500 0.079167
6 0.624219 0.642361 0.039063 0.073611
6 0.678516 0.638889 0.042969 0.083333
6 0.727734 0.640278 0.042969 0.086111
6 0.782812 0.648611 0.042188 0.088889
6 0.829687 0.640972 0.040625 0.084722
6 0.874219 0.640278 0.035937 0.080556
6 0.923047 0.640278 0.041406 0.080556
6 0.975000 0.643750 0.032812 0.084722
7 0.024609 0.754861 0.042969 0.093056
7 0.069922 0.751389 0.042969 0.088889
7 0.127734 0.755556 0.046094 0.091667
7 0.173438 0.753472 0.028125 0.090278
7 0.226563 0.757639 0.043750 0.076389
7 0.274219 0.756944 0.035937 0.088889
7 0.327344 0.757639 0.042188 0.084722
7 0.373437 0.757639 0.034375 0.095833
7 0.421094 0.754167 0.043750 0.077778
7 0.473437 0.754167 0.035937 0.083333
7 0.521094 0.756250 0.040625 0.093056
7 0.577344 0.756944 0.042188 0.086111
7 0.625391 0.754861 0.036719 0.095833
7 0.673437 0.754861 0.035937 0.093056
7 0.729297 0.747222 0.046094 0.094444
7 0.775000 0.751389 0.034375 0.100000
7 0.823438 0.745139 0.039063 0.101389
7 0.876562 0.754861 0.039063 0.104167
7 0.919531 0.749306 0.037500 0.093056
7 0.971484 0.740972 0.036719 0.095833
8 0.023047 0.844444 0.036719 0.086111
8 0.073828 0.846528 0.041406 0.093056
8 0.125000 0.850694 0.042188 0.087500
8 0.173828 0.847917 0.047656 0.079167
8 0.229687 0.852083 0.042188 0.070833
8 0.278516 0.852083 0.039844 0.084722
8 0.326953 0.847917 0.039844 0.079167
8 0.374609 0.849306 0.038281 0.081944
8 0.423047 0.843750 0.038281 0.081944
8 0.474219 0.844444 0.034375 0.091667
8 0.525391 0.845139 0.039844 0.079167
8 0.576953 0.849306 0.033594 0.079167
8 0.626172 0.854861 0.036719 0.079167
8 0.673828 0.852778 0.039844 0.083333
8 0.724609 0.841667 0.033594 0.077778
8 0.775781 0.847917 0.042188 0.081944
8 0.824219 0.847917 0.035937 0.090278
8 0.874219 0.850000 0.040625 0.086111
8 0.925000 0.843750 0.039063 0.087500
8 0.972266 0.847917 0.042969 0.093056
9 0.027734 0.947222 0.042969 0.091667
9 0.073828 0.950694 0.044531 0.093056
9 0.126953 0.950694 0.039844 0.084722
9 0.174609 0.952083 0.039844 0.084722
9 0.225000 0.952778 0.040625 0.083333
9 0.275000 0.951389 0.043750 0.086111
9 0.324609 0.953472 0.041406 0.084722
9 0.374219 0.952778 0.045313 0.088889
9 0.421484 0.950694 0.038281 0.093056
9 0.473047 0.946528 0.041406 0.084722
9 0.523047 0.949306 0.041406 0.093056
9 0.573438 0.950000 0.042188 0.094444
9 0.628125 0.951389 0.037500 0.086111
9 0.673437 0.948611 0.037500 0.077778
9 0.725781 0.948611 0.037500 0.091667
9 0.774609 0.949306 0.036719 0.095833
9 0.828125 0.947917 0.042188 0.093056
9 0.876562 0.949306 0.032812 0.093056
9 0.926172 0.945833 0.041406 0.088889
9 0.972266 0.946528 0.035156 0.098611
