9 0.635938 0.617361 0.103125 0.190278
9 0.906641 0.879861 0.119531 0.187500
8 0.364453 0.859722 0.136719 0.194444
6 0.904297 0.331944 0.107031 0.188889
6 0.642969 0.861806 0.104687 0.179167
5 0.380078 0.347222 0.125781 0.158333
4 0.628125 0.106944 0.120312 0.152778
4 0.089453 0.613194 0.119531 0.176389
3 0.099219 0.867361 0.131250 0.156944
3 0.633594 0.357639 0.142188 0.212500
3 0.091797 0.362500 0.097656 0.186111
5 0.101172 0.108333 0.125781 0.161111
1 0.910937 0.106250 0.103125 0.165278
1 0.908594 0.613194 0.106250 0.176389
0 0.375000 0.100694 0.114063 0.173611
0 0.369141 0.597222 0.125781 0.144444
