0 0.058984 0.056250 0.074219 0.101389
0 0.157422 0.061806 0.085156 0.104167
0 0.261328 0.063194 0.064844 0.095833
0 0.355469 0.065972 0.071875 0.095833
0 0.452734 0.064583 0.085156 0.087500
0 0.554688 0.066667 0.096875 0.100000
0 0.655078 0.061806 0.074219 0.079167
0 0.752734 0.072917 0.067969 0.084722
0 0.860156 0.062500 0.087500 0.088889
0 0.953906 0.069444 0.054688 0.105556
1 0.056250 0.160417 0.076563 0.084722
1 0.151953 0.153472 0.035156 0.087500
1 0.254297 0.161111 0.036719 0.088889
1 0.355469 0.157639 0.039063 0.101389
1 0.464844 0.166667 0.048437 0.102778
1 0.557813 0.170833 0.040625 0.091667
1 0.658203 0.155556 0.066406 0.088889
1 0.758984 0.162500 0.060156 0.080556
1 0.854297 0.159722 0.050781 0.083333
1 0.955469 0.163889 0.054688 0.097222
2 0.050391 0.253472 0.067969 0.090278
2 0.156641 0.260417 0.075781 0.104167
2 0.254297 0.260417 0.072656 0.090278
2 0.355859 0.261806 0.072656 0.093056
2 0.457422 0.270139 0.064844 0.090278
2 0.554297 0.259028 0.078906 0.093056
2 0.646875 0.256944 0.070313 0.091667
2 0.750781 0.254861 0.068750 0.093056
2 0.849609 0.251389 0.085156 0.091667
2 0.945313 0.250694 0.082813 0.093056
3 0.051172 0.349306 0.067969 0.095833
3 0.157422 0.355556 0.080469 0.094444
3 0.251172 0.359028 0.072656 0.087500
3 0.350000 0.356944 0.054688 0.091667
3 0.456250 0.355556 0.071875 0.086111
3 0.548437 0.356250 0.082813 0.095833
3 0.646875 0.352083 0.064062 0.095833
3 0.743359 0.350694 0.064844 0.084722
3 0.846484 0.356250 0.052344 0.106944
3 0.951563 0.355556 0.051562 0.102778
4 0.054297 0.452778 0.057031 0.100000
4 0.156641 0.462500 0.058594 0.091667
4 0.258594 0.447222 0.067188 0.086111
4 0.351172 0.451389 0.044531 0.088889
4 0.447656 0.450000 0.071875 0.094444
4 0.550000 0.454167 0.082813 0.097222
4 0.647266 0.454167 0.077344 0.088889
4 0.748438 0.455556 0.065625 0.100000
4 0.852344 0.465278 0.059375 0.097222
4 0.945313 0.460417 0.060938 0.101389
5 0.055469 0.547222 0.092188 0.072222
5 0.157813 0.556250 0.084375 0.081944
5 0.260547 0.561806 0.082031 0.098611
5 0.351563 0.551389 0.098438 0.094444
5 0.452344 0.548611 0.045313 0.102778
5 0.555859 0.555556 0.078906 0.097222
5 0.663281 0.555556 0.092188 0.083333
5 0.753125 0.552778 0.085938 0.088889
5 0.851953 0.554861 0.063281 0.087500
5 0.948438 0.552778 0.065625 0.091667
6 0.057031 0.636806 0.068750 0.093056
6 0.156250 0.647917 0.064062 0.095833
6 0.259766 0.650000 0.053906 0.072222
6 0.356641 0.646528 0.071094 0.090278
6 0.551953 0.643750 0.071094 0.084722
6 0.648828 0.648611 0.061719 0.088889
6 0.756250 0.643750 0.060938 0.079167
6 0.851953 0.645139 0.077344 0.095833
6 0.960156 0.647917 0.062500 0.087500
6 0.456250 0.645139 0.071875 0.079167
7 0.049609 0.750000 0.061719 0.100000
7 0.146875 0.747222 0.076563 0.083333
7 0.251563 0.746528 0.064062 0.118056
7 0.351563 0.750694 0.073437 0.095833
7 0.454688 0.745139 0.087500 0.106944
7 0.544531 0.747222 0.057813 0.102778
7 0.650781 0.750694 0.078125 0.104167
7 0.749219 0.745139 0.067188 0.106944
7 0.845703 0.743056 0.066406 0.088889
7 0.947266 0.743750 0.058594 0.087500
8 0.060156 0.840278 0.062500 0.083333
8 0.153906 0.845833 0.060938 0.088889
8 0.255078 0.845139 0.057031 0.090278
8 0.357812 0.847917 0.060938 0.098611
8 0.453906 0.847222 0.062500 0.105556
8 0.557031 0.843750 0.057813 0.090278
8 0.653906 0.845833 0.076563 0.086111
8 0.755469 0.845833 0.065625 0.094444
8 0.856250 0.842361 0.073437 0.101389
8 0.949609 0.843750 0.066406 0.098611
9 0.052734 0.935417 0.077344 0.095833
9 0.155078 0.943056 0.066406 0.100000
9 0.252344 0.947222 0.067188 0.100000
9 0.357422 0.947222 0.069531 0.100000
9 0.452734 0.949306 0.061719 0.095833
9 0.551562 0.949306 0.067188 0.095833
9 0.651172 0.939583 0.071094 0.109722
9 0.753516 0.948611 0.075781 0.097222
9 0.848828 0.947222 0.060156 0.094444
9 0.950000 0.945139 0.067188 0.101389
