9 0.033984 0.947222 0.061719 0.094444
9 0.112109 0.946528 0.063281 0.101389
9 0.203516 0.947222 0.066406 0.094444
9 0.296875 0.947222 0.081250 0.094444
9 0.376172 0.945833 0.072656 0.102778
9 0.460938 0.945833 0.078125 0.100000
9 0.530078 0.948611 0.053906 0.097222
9 0.621484 0.947917 0.064844 0.095833
9 0.707422 0.947222 0.078906 0.100000
9 0.792578 0.945833 0.080469 0.100000
9 0.874609 0.947917 0.082031 0.093056
9 0.948438 0.949306 0.062500 0.095833
8 0.040625 0.845139 0.073437 0.098611
8 0.123047 0.849306 0.066406 0.101389
8 0.206641 0.845833 0.075781 0.088889
8 0.296484 0.841667 0.080469 0.097222
8 0.372266 0.846528 0.074219 0.095833
8 0.454688 0.843750 0.071875 0.090278
8 0.531250 0.844444 0.065625 0.100000
8 0.623047 0.840972 0.071094 0.104167
8 0.705078 0.840278 0.083594 0.094444
8 0.794531 0.847917 0.084375 0.095833
8 0.873438 0.843750 0.076563 0.098611
8 0.950000 0.847222 0.065625 0.094444
7 0.036719 0.746528 0.064062 0.093056
7 0.127344 0.747222 0.081250 0.088889
7 0.211328 0.748611 0.072656 0.091667
7 0.294922 0.743750 0.078906 0.090278
7 0.378906 0.745139 0.081250 0.093056
7 0.459766 0.746528 0.085156 0.095833
7 0.545703 0.746528 0.077344 0.095833
7 0.626953 0.743750 0.080469 0.090278
7 0.708203 0.747222 0.075781 0.094444
7 0.789453 0.745139 0.067969 0.101389
7 0.873828 0.747222 0.077344 0.094444
7 0.951563 0.746528 0.059375 0.095833
6 0.036328 0.644444 0.064844 0.091667
6 0.124609 0.645833 0.078906 0.091667
6 0.211719 0.647222 0.079687 0.091667
6 0.297266 0.648611 0.078906 0.094444
6 0.374219 0.645833 0.084375 0.088889
6 0.451562 0.646528 0.071875 0.095833
6 0.543750 0.645139 0.076563 0.090278
6 0.621875 0.647222 0.073437 0.094444
6 0.707422 0.649306 0.078906 0.090278
6 0.791406 0.647222 0.079687 0.097222
6 0.871875 0.646528 0.076563 0.104167
6 0.958594 0.647222 0.075000 0.094444
5 0.042969 0.544444 0.079687 0.105556
5 0.126953 0.547917 0.074219 0.101389
5 0.210938 0.549306 0.067188 0.098611
5 0.286328 0.547917 0.072656 0.101389
5 0.377734 0.547917 0.078906 0.090278
5 0.459375 0.545139 0.076563 0.112500
5 0.546484 0.550694 0.075781 0.095833
5 0.623438 0.548611 0.073437 0.105556
5 0.712891 0.549306 0.077344 0.098611
5 0.798047 0.545139 0.075781 0.104167
5 0.879687 0.544444 0.078125 0.094444
5 0.958984 0.547222 0.069531 0.102778
4 0.040625 0.445833 0.065625 0.091667
4 0.126563 0.447917 0.081250 0.095833
4 0.212500 0.447222 0.078125 0.102778
4 0.291016 0.446528 0.067969 0.093056
4 0.378906 0.451389 0.075000 0.091667
4 0.462109 0.450694 0.078906 0.095833
4 0.541406 0.446528 0.068750 0.087500
4 0.617188 0.444444 0.062500 0.088889
4 0.709766 0.450694 0.069531 0.093056
4 0.795313 0.446528 0.076563 0.093056
4 0.876172 0.445139 0.067969 0.093056
4 0.956250 0.446528 0.068750 0.093056
3 0.044531 0.347222 0.068750 0.088889
3 0.128125 0.347222 0.075000 0.086111
3 0.209375 0.347917 0.076563 0.101389
3 0.295312 0.350694 0.078125 0.093056
3 0.376953 0.347222 0.066406 0.102778
3 0.460547 0.346528 0.080469 0.098611
3 0.542188 0.343750 0.068750 0.093056
3 0.617188 0.345833 0.067188 0.100000
3 0.708203 0.348611 0.071094 0.100000
3 0.792578 0.349306 0.074219 0.087500
3 0.875000 0.345833 0.075000 0.100000
3 0.955469 0.347222 0.067188 0.102778
2 0.041406 0.244444 0.078125 0.102778
2 0.125000 0.246528 0.076563 0.087500
2 0.213672 0.248611 0.078906 0.091667
2 0.298047 0.248611 0.077344 0.094444
2 0.376563 0.247917 0.068750 0.093056
2 0.461719 0.247222 0.076563 0.088889
2 0.545313 0.244444 0.070313 0.094444
2 0.619531 0.243750 0.068750 0.095833
2 0.711328 0.248611 0.077344 0.091667
2 0.796875 0.246528 0.065625 0.101389
2 0.878125 0.247917 0.068750 0.101389
2 0.960547 0.245139 0.069531 0.098611
1 0.017578 0.141667 0.035156 0.094444
1 0.107422 0.149306 0.050781 0.093056
1 0.197266 0.148611 0.057031 0.094444
1 0.273047 0.147222 0.042969 0.105556
1 0.356250 0.150000 0.039063 0.100000
1 0.441016 0.152778 0.052344 0.088889
1 0.526563 0.148611 0.043750 0.094444
1 0.606641 0.150000 0.049219 0.100000
1 0.699219 0.147917 0.046875 0.093056
1 0.780859 0.148611 0.060156 0.094444
1 0.866797 0.152083 0.058594 0.101389
1 0.938281 0.145833 0.045313 0.088889
0 0.042969 0.044444 0.079687 0.083333
0 0.128516 0.046528 0.077344 0.093056
0 0.212500 0.048611 0.075000 0.083333
0 0.290234 0.048611 0.066406 0.097222
0 0.375391 0.048611 0.077344 0.097222
0 0.464063 0.048611 0.079687 0.091667
0 0.543750 0.047917 0.082813 0.084722
0 0.627734 0.051389 0.078906 0.088889
0 0.708594 0.050000 0.076563 0.086111
0 0.792969 0.050000 0.076563 0.088889
0 0.874219 0.045139 0.079687 0.087500
0 0.957031 0.047222 0.081250 0.080556
