2 0.047266 0.045833 0.069531 0.077778
2 0.147266 0.047917 0.071094 0.084722
2 0.251563 0.045139 0.068750 0.084722
2 0.352734 0.057639 0.080469 0.104167
2 0.458984 0.048611 0.074219 0.080556
2 0.555469 0.049306 0.064062 0.087500
2 0.660156 0.047222 0.068750 0.080556
2 0.754687 0.047222 0.081250 0.080556
2 0.858203 0.058333 0.088281 0.086111
2 0.955078 0.047222 0.057031 0.083333
2 0.049609 0.147222 0.078906 0.077778
2 0.151953 0.144444 0.077344 0.072222
2 0.254297 0.150000 0.075781 0.086111
2 0.358594 0.147917 0.078125 0.081944
2 0.450781 0.144444 0.068750 0.097222
2 0.558594 0.150694 0.048437 0.098611
2 0.661328 0.144444 0.071094 0.097222
2 0.764453 0.150000 0.088281 0.080556
2 0.858594 0.150694 0.078125 0.084722
2 0.957812 0.147222 0.075000 0.080556
2 0.044531 0.249306 0.075000 0.104167
2 0.148438 0.250694 0.087500 0.093056
2 0.244531 0.247222 0.073437 0.088889
2 0.357812 0.247917 0.079687 0.095833
2 0.447656 0.249306 0.075000 0.093056
2 0.557031 0.247222 0.078125 0.102778
2 0.653906 0.244444 0.073437 0.102778
2 0.750781 0.247917 0.076563 0.101389
2 0.858594 0.251389 0.060938 0.091667
2 0.951953 0.245139 0.074219 0.098611
2 0.047656 0.346528 0.081250 0.104167
2 0.146094 0.351389 0.070313 0.094444
2 0.247266 0.348611 0.082031 0.094444
2 0.346484 0.348611 0.077344 0.088889
2 0.457422 0.343056 0.091406 0.105556
2 0.546484 0.354861 0.069531 0.090278
2 0.651172 0.355556 0.080469 0.094444
2 0.759766 0.352778 0.066406 0.088889
2 0.857422 0.350694 0.083594 0.084722
2 0.953125 0.348611 0.087500 0.094444
2 0.048437 0.447917 0.053125 0.104167
2 0.141797 0.450000 0.082031 0.086111
2 0.251172 0.447917 0.072656 0.095833
2 0.357422 0.443750 0.080469 0.081944
2 0.449219 0.441667 0.068750 0.088889
2 0.553125 0.450694 0.065625 0.104167
2 0.647656 0.453472 0.085938 0.084722
2 0.750391 0.450000 0.071094 0.091667
2 0.858984 0.451389 0.067969 0.094444
2 0.958984 0.452778 0.075781 0.100000
2 0.043359 0.546528 0.075781 0.079167
2 0.142578 0.554861 0.077344 0.084722
2 0.245703 0.550694 0.074219 0.084722
2 0.349609 0.540972 0.066406 0.098611
2 0.450000 0.554861 0.079687 0.098611
2 0.546484 0.556250 0.077344 0.090278
2 0.653516 0.556944 0.086719 0.113889
2 0.755078 0.552083 0.082031 0.090278
2 0.857813 0.558333 0.082813 0.094444
2 0.953516 0.558333 0.075781 0.105556
2 0.049219 0.654167 0.078125 0.094444
2 0.149609 0.652083 0.063281 0.095833
2 0.252734 0.663889 0.055469 0.097222
2 0.352344 0.663194 0.092188 0.104167
2 0.454688 0.665278 0.081250 0.088889
2 0.552344 0.660417 0.084375 0.109722
2 0.655469 0.663194 0.053125 0.104167
2 0.759766 0.663889 0.085156 0.097222
2 0.850391 0.654167 0.077344 0.094444
2 0.958984 0.657639 0.080469 0.090278
2 0.041406 0.755556 0.070313 0.086111
2 0.153906 0.754861 0.057813 0.093056
2 0.253906 0.758333 0.067188 0.100000
2 0.346094 0.757639 0.075000 0.076389
2 0.453906 0.754861 0.064062 0.090278
2 0.552344 0.758333 0.064062 0.086111
2 0.648047 0.754167 0.086719 0.083333
2 0.751172 0.755556 0.058594 0.100000
2 0.855469 0.750694 0.048437 0.090278
2 0.959375 0.755556 0.075000 0.105556
2 0.044531 0.845833 0.067188 0.072222
2 0.150781 0.842361 0.067188 0.093056
2 0.252734 0.855556 0.083594 0.088889
2 0.351953 0.846528 0.080469 0.076389
2 0.455078 0.850694 0.071094 0.087500
2 0.556641 0.854861 0.089844 0.095833
2 0.655078 0.856944 0.071094 0.086111
2 0.753516 0.855556 0.066406 0.111111
2 0.856641 0.854861 0.082031 0.090278
2 0.955859 0.861806 0.083594 0.081944
2 0.045703 0.950694 0.085156 0.093056
2 0.141406 0.952083 0.076563 0.087500
2 0.260938 0.952778 0.093750 0.088889
2 0.346875 0.950694 0.081250 0.093056
2 0.448828 0.952083 0.085156 0.087500
2 0.550000 0.959722 0.079687 0.075000
2 0.658594 0.953472 0.067188 0.087500
2 0.754687 0.959028 0.062500 0.076389
2 0.851953 0.955556 0.074219 0.083333
2 0.950781 0.956944 0.087500 0.080556
