0 0.703906 0.612500 0.176563 0.230556
0 0.722656 0.886806 0.139062 0.190278
0 0.920313 0.911806 0.157813 0.168056
1 0.084766 0.098611 0.067969 0.197222
1 0.293750 0.096528 0.087500 0.181944
2 0.506641 0.888889 0.172656 0.213889
3 0.919922 0.102778 0.117969 0.188889
3 0.486719 0.368750 0.145313 0.231944
3 0.076563 0.904167 0.153125 0.166667
4 0.712109 0.099306 0.114844 0.195833
5 0.515625 0.102083 0.139062 0.198611
5 0.294531 0.364583 0.142188 0.204167
5 0.297266 0.644444 0.153906 0.200000
5 0.296484 0.894444 0.124219 0.197222
5 0.704687 0.352083 0.171875 0.206944
3 0.908203 0.358333 0.128906 0.241667
5 0.077344 0.643056 0.145313 0.172222
6 0.928906 0.618056 0.140625 0.238889
7 0.078906 0.393056 0.153125 0.238889
9 0.502344 0.660417 0.100000 0.209722
