1 0.087891 0.102778 0.050781 0.130556
1 0.207031 0.110417 0.059375 0.118056
1 0.326953 0.095139 0.058594 0.129167
1 0.438281 0.094444 0.042188 0.105556
1 0.565234 0.098611 0.042969 0.097222
1 0.684766 0.092361 0.050781 0.115278
1 0.778516 0.096528 0.042969 0.109722
1 0.859375 0.107639 0.050000 0.101389
1 0.923047 0.100694 0.033594 0.098611
2 0.077344 0.264583 0.050000 0.118056
2 0.196094 0.271528 0.062500 0.112500
2 0.300781 0.238194 0.051562 0.098611
2 0.418750 0.242361 0.073437 0.118056
2 0.543750 0.247222 0.068750 0.108333
2 0.661719 0.224306 0.054688 0.101389
2 0.753125 0.231944 0.060938 0.105556
2 0.839844 0.236806 0.068750 0.115278
2 0.925000 0.250000 0.071875 0.147222
3 0.076953 0.403472 0.055469 0.087500
3 0.181250 0.384028 0.045313 0.101389
3 0.284766 0.368056 0.047656 0.113889
3 0.393750 0.372222 0.045313 0.111111
3 0.520703 0.359722 0.050781 0.088889
3 0.644922 0.357639 0.063281 0.134722
3 0.730859 0.361111 0.060156 0.138889
3 0.817578 0.378472 0.058594 0.123611
3 0.914453 0.390972 0.050781 0.104167
4 0.073437 0.521528 0.054688 0.109722
4 0.170312 0.515278 0.056250 0.122222
4 0.278516 0.496528 0.066406 0.120833
4 0.381250 0.484722 0.078125 0.113889
4 0.508984 0.481944 0.053906 0.116667
4 0.635938 0.488889 0.057813 0.105556
4 0.724609 0.488889 0.061719 0.105556
4 0.814844 0.512500 0.050000 0.100000
4 0.898047 0.502778 0.046094 0.094444
5 0.073047 0.655556 0.053906 0.108333
5 0.166406 0.656944 0.048437 0.125000
5 0.278516 0.650694 0.060156 0.118056
5 0.382813 0.637500 0.050000 0.111111
5 0.500391 0.639583 0.060156 0.123611
5 0.616797 0.634722 0.067969 0.119444
5 0.705469 0.633333 0.078125 0.108333
5 0.804688 0.640278 0.082813 0.130556
5 0.899219 0.645833 0.053125 0.133333
6 0.067188 0.771528 0.050000 0.090278
6 0.173438 0.778472 0.048437 0.101389
6 0.282031 0.765278 0.065625 0.111111
6 0.373437 0.765972 0.057813 0.101389
6 0.473437 0.766667 0.070313 0.108333
6 0.593750 0.765278 0.081250 0.125000
6 0.680469 0.756944 0.045313 0.113889
6 0.788672 0.753472 0.066406 0.104167
6 0.872656 0.754167 0.064062 0.119444
