0 0.471875 0.123611 0.050000 0.200000
0 0.622266 0.361806 0.050781 0.187500
0 0.325391 0.625000 0.047656 0.208333
0 0.473828 0.627083 0.041406 0.198611
0 0.528906 0.631944 0.054688 0.219444
0 0.825000 0.634028 0.050000 0.198611
0 0.478125 0.875694 0.067188 0.187500
0 0.624609 0.878472 0.039844 0.187500
0 0.726953 0.877083 0.055469 0.193056
1 0.729688 0.131944 0.042188 0.208333
1 0.877734 0.141667 0.046094 0.208333
1 0.030078 0.369444 0.039844 0.200000
1 0.225781 0.376389 0.039063 0.216667
1 0.025391 0.622917 0.038281 0.201389
1 0.076953 0.634722 0.042969 0.213889
1 0.273828 0.629167 0.038281 0.194444
1 0.423828 0.622222 0.038281 0.208333
1 0.571484 0.629167 0.038281 0.202778
1 0.623828 0.638194 0.047656 0.209722
1 0.223438 0.881250 0.043750 0.204167
1 0.573047 0.881944 0.038281 0.216667
2 0.078125 0.128472 0.053125 0.201389
2 0.579297 0.129861 0.052344 0.187500
2 0.926172 0.125000 0.052344 0.186111
2 0.373828 0.364583 0.046094 0.193056
2 0.473828 0.374306 0.047656 0.170833
2 0.525000 0.352083 0.046875 0.195833
2 0.976172 0.376389 0.036719 0.175000
2 0.672656 0.616667 0.051562 0.194444
2 0.029687 0.884722 0.057813 0.208333
2 0.667188 0.870833 0.048437 0.183333
3 0.973047 0.135417 0.050781 0.201389
3 0.073437 0.386806 0.045313 0.204167
3 0.927734 0.376389 0.050781 0.205556
3 0.175781 0.637500 0.042188 0.197222
3 0.376953 0.632639 0.052344 0.179167
3 0.774219 0.636111 0.035937 0.194444
3 0.426172 0.892361 0.046094 0.195833
3 0.772266 0.881250 0.047656 0.198611
4 0.170312 0.131250 0.034375 0.190278
4 0.225781 0.136806 0.045313 0.198611
4 0.328906 0.128472 0.035937 0.195833
4 0.726172 0.377083 0.041406 0.201389
4 0.872656 0.633333 0.045313 0.186111
4 0.125391 0.886806 0.049219 0.201389
4 0.874609 0.891667 0.047656 0.194444
5 0.675000 0.130556 0.043750 0.147222
5 0.776172 0.131944 0.046094 0.172222
5 0.127734 0.384028 0.058594 0.198611
5 0.575391 0.369444 0.047656 0.161111
5 0.975000 0.634722 0.048437 0.197222
5 0.821094 0.895139 0.053125 0.201389
5 0.975000 0.893056 0.048437 0.180556
6 0.277734 0.118056 0.044531 0.186111
6 0.328906 0.370833 0.045313 0.194444
6 0.225000 0.627083 0.050000 0.187500
6 0.923047 0.631250 0.053906 0.193056
6 0.078125 0.886111 0.059375 0.194444
6 0.922266 0.891667 0.052344 0.169444
7 0.429688 0.142361 0.048437 0.195833
7 0.274609 0.395833 0.058594 0.175000
7 0.668750 0.396528 0.051562 0.151389
7 0.825391 0.406944 0.050781 0.191667
7 0.725000 0.658333 0.056250 0.188889
7 0.172656 0.908333 0.043750 0.172222
7 0.528125 0.904167 0.031250 0.186111
8 0.031641 0.131250 0.047656 0.184722
8 0.426172 0.392361 0.052344 0.195833
8 0.871094 0.384028 0.051562 0.212500
8 0.125391 0.634028 0.052344 0.204167
8 0.274609 0.881944 0.053906 0.213889
9 0.126172 0.143056 0.050781 0.188889
9 0.372266 0.145139 0.049219 0.204167
9 0.520703 0.147917 0.052344 0.193056
9 0.624609 0.154167 0.041406 0.202778
9 0.825391 0.152083 0.050781 0.206944
9 0.180078 0.402778 0.047656 0.194444
9 0.775000 0.398611 0.051562 0.200000
9 0.321484 0.896528 0.047656 0.201389
9 0.373828 0.899306 0.049219 0.195833
