9 0.958203 0.044444 0.066406 0.086111
9 0.963281 0.145139 0.053125 0.076389
9 0.963672 0.242361 0.055469 0.093056
9 0.963281 0.345833 0.056250 0.094444
9 0.962500 0.454861 0.051562 0.073611
9 0.963281 0.552083 0.064062 0.104167
9 0.960938 0.650694 0.045313 0.073611
9 0.963672 0.753472 0.066406 0.104167
9 0.959766 0.854167 0.074219 0.077778
9 0.965234 0.949306 0.057031 0.095833
8 0.855469 0.048611 0.051562 0.094444
8 0.861719 0.138194 0.045313 0.084722
8 0.860547 0.244444 0.041406 0.077778
8 0.865234 0.352083 0.061719 0.093056
8 0.864062 0.445833 0.059375 0.094444
8 0.862500 0.548611 0.039063 0.075000
8 0.860937 0.650000 0.071875 0.091667
8 0.861328 0.743750 0.060156 0.090278
8 0.864453 0.844444 0.058594 0.091667
8 0.862109 0.951389 0.055469 0.088889
7 0.757031 0.049306 0.060938 0.079167
7 0.756641 0.152083 0.060156 0.076389
7 0.757031 0.241667 0.051562 0.091667
7 0.761719 0.347917 0.042188 0.101389
7 0.760938 0.458333 0.043750 0.077778
7 0.765625 0.559722 0.062500 0.066667
7 0.759766 0.657639 0.066406 0.090278
7 0.766016 0.759028 0.057031 0.101389
7 0.758594 0.843750 0.068750 0.084722
7 0.761719 0.946528 0.062500 0.087500
6 0.660937 0.040972 0.053125 0.076389
6 0.664063 0.136111 0.051562 0.086111
6 0.662891 0.246528 0.041406 0.084722
6 0.657422 0.340278 0.066406 0.086111
6 0.664844 0.443750 0.060938 0.090278
6 0.666406 0.540278 0.045313 0.069444
6 0.662891 0.642361 0.061719 0.076389
6 0.665234 0.749306 0.058594 0.106944
6 0.667188 0.852083 0.054688 0.081944
6 0.667578 0.949306 0.063281 0.079167
5 0.562500 0.050000 0.067188 0.088889
5 0.558984 0.144444 0.055469 0.088889
5 0.561719 0.245139 0.070313 0.098611
5 0.556250 0.347917 0.057813 0.079167
5 0.564453 0.440278 0.082031 0.100000
5 0.564453 0.551389 0.060156 0.119444
5 0.558594 0.642361 0.059375 0.073611
5 0.559766 0.747917 0.072656 0.095833
5 0.560547 0.843750 0.060156 0.101389
5 0.563281 0.947222 0.054688 0.100000
4 0.457812 0.047222 0.073437 0.083333
4 0.456250 0.143056 0.053125 0.091667
4 0.459375 0.236806 0.073437 0.093056
4 0.453125 0.344444 0.059375 0.097222
4 0.459766 0.438889 0.053906 0.080556
4 0.458984 0.546528 0.057031 0.095833
4 0.456250 0.652083 0.060938 0.087500
4 0.457031 0.751389 0.060938 0.088889
4 0.458203 0.852778 0.074219 0.100000
4 0.464844 0.954861 0.059375 0.081944
3 0.360547 0.038889 0.057031 0.066667
3 0.352344 0.138194 0.062500 0.090278
3 0.358984 0.243750 0.060156 0.095833
3 0.355469 0.342361 0.062500 0.079167
3 0.351172 0.442361 0.069531 0.098611
3 0.354688 0.543750 0.054688 0.087500
3 0.360547 0.645833 0.055469 0.091667
3 0.349609 0.740972 0.063281 0.093056
3 0.358203 0.848611 0.049219 0.083333
3 0.354688 0.941667 0.068750 0.088889
2 0.257813 0.043056 0.068750 0.072222
2 0.250391 0.143056 0.066406 0.080556
2 0.251953 0.239583 0.074219 0.087500
2 0.253125 0.340972 0.059375 0.084722
2 0.251563 0.437500 0.060938 0.088889
2 0.255859 0.538194 0.069531 0.090278
2 0.254297 0.635417 0.064844 0.070833
2 0.260938 0.739583 0.064062 0.090278
2 0.247266 0.840278 0.085156 0.077778
2 0.258203 0.935417 0.066406 0.076389
1 0.154687 0.043750 0.037500 0.073611
1 0.155078 0.142361 0.030469 0.065278
1 0.154687 0.240278 0.032812 0.086111
1 0.153516 0.336806 0.052344 0.079167
1 0.158203 0.445139 0.046094 0.068056
1 0.156641 0.541667 0.050781 0.091667
1 0.155469 0.643056 0.045313 0.072222
1 0.154297 0.739583 0.053906 0.079167
1 0.153125 0.840972 0.028125 0.081944
1 0.152734 0.943056 0.053906 0.108333
0 0.049219 0.042361 0.053125 0.065278
0 0.049219 0.145139 0.056250 0.087500
0 0.055078 0.243750 0.050781 0.081944
0 0.051562 0.335417 0.059375 0.081944
0 0.053516 0.441667 0.069531 0.086111
0 0.057031 0.545139 0.065625 0.104167
0 0.054688 0.638194 0.050000 0.079167
0 0.054297 0.741667 0.069531 0.086111
0 0.054688 0.850000 0.070313 0.080556
0 0.055859 0.945139 0.057031 0.084722
