4 0.036328 0.080556 0.072656 0.130556
4 0.126953 0.075000 0.058594 0.113889
4 0.219922 0.079861 0.094531 0.134722
4 0.315625 0.090278 0.057813 0.133333
4 0.401953 0.100694 0.053906 0.129167
4 0.497266 0.086111 0.066406 0.127778
4 0.589453 0.077778 0.080469 0.125000
4 0.678906 0.089583 0.060938 0.134722
4 0.771875 0.084722 0.062500 0.133333
4 0.862109 0.090972 0.075781 0.118056
4 0.951172 0.076389 0.064844 0.147222
5 0.036328 0.252083 0.072656 0.145833
5 0.131641 0.255556 0.066406 0.130556
5 0.215625 0.252778 0.068750 0.127778
5 0.310156 0.256944 0.067188 0.125000
5 0.411328 0.261111 0.078906 0.119444
5 0.506250 0.262500 0.076563 0.144444
5 0.585547 0.253472 0.057031 0.143056
5 0.681641 0.254167 0.066406 0.141667
5 0.771094 0.255556 0.076563 0.136111
5 0.857031 0.256944 0.059375 0.127778
5 0.961719 0.269444 0.073437 0.138889
6 0.041406 0.400000 0.068750 0.138889
6 0.134375 0.416667 0.062500 0.144444
6 0.223047 0.406250 0.057031 0.143056
6 0.320313 0.413889 0.060938 0.130556
6 0.409375 0.415278 0.075000 0.138889
6 0.500000 0.419444 0.062500 0.144444
6 0.591016 0.411806 0.060156 0.120833
6 0.687109 0.411111 0.067969 0.133333
6 0.776172 0.409028 0.075781 0.140278
6 0.867188 0.408333 0.064062 0.138889
6 0.950781 0.420139 0.067188 0.137500
7 0.039453 0.592361 0.077344 0.131944
7 0.122266 0.597222 0.071094 0.122222
7 0.217187 0.588194 0.084375 0.137500
7 0.317578 0.596528 0.063281 0.148611
7 0.405078 0.592361 0.088281 0.159722
7 0.490234 0.606250 0.058594 0.134722
7 0.580469 0.604861 0.067188 0.151389
7 0.671484 0.600694 0.074219 0.156944
7 0.767969 0.603472 0.079687 0.140278
7 0.860156 0.596528 0.059375 0.134722
7 0.950000 0.597917 0.071875 0.151389
8 0.035547 0.756944 0.066406 0.141667
8 0.125391 0.763194 0.069531 0.134722
8 0.223438 0.763889 0.062500 0.144444
8 0.313672 0.761111 0.067969 0.150000
8 0.404687 0.770139 0.065625 0.148611
8 0.496875 0.754861 0.075000 0.140278
8 0.596094 0.767361 0.068750 0.143056
8 0.682422 0.767361 0.067969 0.154167
8 0.765625 0.755556 0.067188 0.138889
8 0.859375 0.759028 0.057813 0.145833
8 0.955859 0.763194 0.071094 0.151389
9 0.041406 0.931944 0.075000 0.130556
9 0.123438 0.932639 0.059375 0.129167
9 0.216406 0.928472 0.054688 0.137500
9 0.312109 0.931250 0.080469 0.131944
9 0.403906 0.932639 0.054688 0.129167
9 0.494922 0.929167 0.082031 0.136111
9 0.587500 0.925000 0.062500 0.144444
9 0.677344 0.924306 0.068750 0.143056
9 0.770312 0.928472 0.070313 0.137500
9 0.863672 0.911806 0.060156 0.151389
9 0.955469 0.925000 0.057813 0.136111
