9 0.025391 0.952778 0.044531 0.088889
9 0.091406 0.953472 0.059375 0.087500
9 0.160547 0.954167 0.042969 0.086111
9 0.222656 0.952083 0.048437 0.090278
9 0.300000 0.956944 0.056250 0.080556
9 0.366016 0.956250 0.053906 0.079167
9 0.434375 0.952778 0.046875 0.088889
9 0.504687 0.953472 0.057813 0.087500
9 0.567578 0.954167 0.052344 0.086111
9 0.637109 0.950000 0.052344 0.094444
9 0.709375 0.952778 0.064062 0.083333
9 0.776172 0.952778 0.063281 0.088889
9 0.837109 0.950694 0.049219 0.093056
9 0.900781 0.956250 0.032812 0.081944
9 0.966016 0.954167 0.046094 0.086111
8 0.021875 0.852778 0.042188 0.088889
8 0.096875 0.857639 0.059375 0.101389
8 0.164063 0.854861 0.040625 0.098611
8 0.228516 0.855556 0.046094 0.094444
8 0.300391 0.856944 0.046094 0.091667
8 0.365625 0.851389 0.048437 0.100000
8 0.436719 0.852778 0.048437 0.088889
8 0.500000 0.854861 0.048437 0.098611
8 0.569531 0.854861 0.046875 0.090278
8 0.638281 0.854861 0.050000 0.098611
8 0.705078 0.854861 0.042969 0.098611
8 0.774609 0.849306 0.055469 0.095833
8 0.840234 0.852083 0.050781 0.098611
8 0.906250 0.854861 0.053125 0.109722
8 0.972656 0.852778 0.045313 0.102778
0 0.028906 0.039583 0.045313 0.065278
0 0.098047 0.038194 0.053906 0.073611
0 0.168750 0.040972 0.048437 0.081944
0 0.232812 0.043750 0.043750 0.084722
0 0.298828 0.045139 0.060156 0.090278
0 0.366016 0.043750 0.050781 0.084722
0 0.432813 0.041667 0.051562 0.080556
0 0.503125 0.040278 0.064062 0.080556
0 0.568750 0.041667 0.046875 0.080556
0 0.635156 0.040972 0.046875 0.081944
0 0.701563 0.043056 0.051562 0.083333
0 0.770312 0.039583 0.051562 0.079167
0 0.837109 0.043056 0.046094 0.083333
0 0.907031 0.036806 0.053125 0.073611
0 0.971875 0.045139 0.054688 0.084722
1 0.030469 0.138194 0.051562 0.098611
1 0.095312 0.134028 0.040625 0.093056
1 0.165234 0.137500 0.042969 0.097222
1 0.232812 0.141667 0.039063 0.097222
1 0.300000 0.143056 0.048437 0.086111
1 0.364453 0.131944 0.047656 0.088889
1 0.434375 0.136806 0.039063 0.093056
1 0.499609 0.135417 0.047656 0.101389
1 0.564844 0.136806 0.031250 0.098611
1 0.632813 0.132639 0.050000 0.095833
1 0.708594 0.140278 0.042188 0.091667
1 0.769141 0.140972 0.047656 0.106944
1 0.837891 0.137500 0.039844 0.088889
1 0.900391 0.139583 0.041406 0.109722
1 0.974219 0.136111 0.032812 0.086111
2 0.027734 0.237500 0.055469 0.086111
2 0.096484 0.238889 0.047656 0.091667
2 0.166016 0.242361 0.057031 0.090278
2 0.228906 0.238889 0.056250 0.097222
2 0.298438 0.240972 0.057813 0.093056
2 0.363672 0.236806 0.050781 0.095833
2 0.437109 0.241667 0.057031 0.091667
2 0.500781 0.238889 0.060938 0.088889
2 0.564062 0.240972 0.059375 0.095833
2 0.630469 0.234722 0.048437 0.097222
2 0.705859 0.239583 0.050781 0.087500
2 0.772266 0.239583 0.052344 0.076389
2 0.839063 0.237500 0.054688 0.088889
2 0.909375 0.241667 0.053125 0.083333
2 0.968359 0.238889 0.049219 0.088889
3 0.025781 0.340972 0.051562 0.093056
3 0.093359 0.345833 0.046094 0.094444
3 0.154297 0.340278 0.060156 0.097222
3 0.228516 0.349306 0.057031 0.093056
3 0.292969 0.343056 0.056250 0.083333
3 0.364844 0.347222 0.045313 0.097222
3 0.433594 0.350000 0.040625 0.091667
3 0.498437 0.342361 0.042188 0.101389
3 0.567969 0.347222 0.040625 0.091667
3 0.630469 0.341667 0.059375 0.102778
3 0.696094 0.340278 0.040625 0.111111
3 0.762109 0.340278 0.058594 0.105556
3 0.832422 0.341667 0.049219 0.100000
3 0.902734 0.336806 0.041406 0.106944
3 0.966016 0.338889 0.046094 0.088889
4 0.025781 0.445833 0.051562 0.086111
4 0.095312 0.443056 0.046875 0.080556
4 0.158984 0.443056 0.060156 0.094444
4 0.227734 0.451389 0.039844 0.083333
4 0.294141 0.452083 0.042969 0.095833
4 0.364062 0.448611 0.046875 0.097222
4 0.430469 0.437500 0.054688 0.083333
4 0.498437 0.448611 0.045313 0.097222
4 0.566016 0.444444 0.052344 0.097222
4 0.636328 0.447222 0.047656 0.097222
4 0.702344 0.447917 0.050000 0.087500
4 0.769922 0.446528 0.047656 0.101389
4 0.838672 0.442361 0.049219 0.093056
4 0.904688 0.441667 0.053125 0.097222
4 0.975000 0.438194 0.048437 0.093056
5 0.026563 0.548611 0.046875 0.086111
5 0.096484 0.543750 0.049219 0.081944
5 0.164844 0.547917 0.057813 0.079167
5 0.233594 0.552778 0.054688 0.080556
5 0.302344 0.550694 0.057813 0.073611
5 0.364062 0.547917 0.037500 0.090278
5 0.502344 0.553472 0.043750 0.079167
5 0.428906 0.543750 0.045313 0.095833
5 0.569141 0.550000 0.053906 0.088889
5 0.637109 0.553472 0.055469 0.081944
5 0.705078 0.550000 0.060156 0.083333
5 0.769922 0.547222 0.050781 0.088889
5 0.837891 0.542361 0.058594 0.084722
5 0.904688 0.543056 0.054688 0.088889
5 0.973047 0.548611 0.052344 0.088889
6 0.027734 0.638194 0.046094 0.093056
6 0.099219 0.646528 0.042188 0.098611
6 0.164453 0.638194 0.047656 0.095833
6 0.233203 0.645139 0.047656 0.093056
6 0.298438 0.642361 0.043750 0.095833
6 0.366406 0.646528 0.039063 0.090278
6 0.432031 0.639583 0.053125 0.095833
6 0.502344 0.645139 0.043750 0.093056
6 0.566016 0.640278 0.049219 0.094444
6 0.637500 0.640278 0.051562 0.086111
6 0.701563 0.640972 0.050000 0.093056
6 0.773047 0.645833 0.057031 0.105556
6 0.840234 0.641667 0.044531 0.100000
6 0.903516 0.640278 0.049219 0.094444
6 0.971484 0.640972 0.044531 0.093056
7 0.023047 0.756944 0.041406 0.088889
7 0.090234 0.756944 0.046094 0.086111
7 0.160156 0.752083 0.053125 0.098611
7 0.225781 0.753472 0.042188 0.093056
7 0.296875 0.761111 0.056250 0.111111
7 0.363281 0.757639 0.048437 0.095833
7 0.427734 0.755556 0.042969 0.091667
7 0.492578 0.754167 0.055469 0.111111
7 0.561328 0.757639 0.047656 0.101389
7 0.631641 0.752778 0.039844 0.100000
7 0.698828 0.753472 0.064844 0.095833
7 0.768750 0.757639 0.048437 0.095833
7 0.835156 0.757639 0.046875 0.098611
7 0.964844 0.754167 0.059375 0.097222
