0 0.245312 0.156944 0.079687 0.105556
0 0.439063 0.254167 0.089062 0.086111
0 0.442578 0.355556 0.082031 0.100000
0 0.059375 0.728472 0.084375 0.098611
0 0.342969 0.729861 0.089062 0.090278
0 0.635156 0.821528 0.079687 0.084722
0 0.056250 0.922222 0.075000 0.094444
0 0.739844 0.917361 0.082813 0.101389
0 0.929688 0.916667 0.082813 0.088889
1 0.054688 0.065278 0.057813 0.088889
1 0.541797 0.260417 0.060156 0.095833
1 0.830469 0.256944 0.071875 0.077778
1 0.153516 0.344444 0.044531 0.080556
1 0.929688 0.350000 0.057813 0.097222
1 0.251172 0.443056 0.052344 0.086111
1 0.930859 0.451389 0.067969 0.094444
1 0.248047 0.635417 0.063281 0.090278
1 0.151953 0.729167 0.064844 0.091667
1 0.347266 0.922222 0.061719 0.094444
2 0.052734 0.163194 0.077344 0.098611
2 0.151562 0.156250 0.075000 0.098611
2 0.342969 0.161111 0.073437 0.088889
2 0.051562 0.345139 0.092188 0.101389
2 0.646484 0.450694 0.082031 0.090278
2 0.738672 0.538194 0.074219 0.104167
2 0.539453 0.725694 0.067969 0.104167
2 0.344922 0.825000 0.052344 0.094444
2 0.737500 0.822917 0.081250 0.098611
2 0.440625 0.916667 0.062500 0.100000
3 0.537500 0.060417 0.064062 0.106944
3 0.149219 0.253472 0.071875 0.095833
3 0.544141 0.354861 0.074219 0.090278
3 0.633203 0.347917 0.066406 0.101389
3 0.056250 0.536806 0.071875 0.095833
3 0.253516 0.544444 0.077344 0.094444
3 0.447656 0.545833 0.065625 0.097222
3 0.924219 0.545139 0.050000 0.084722
3 0.053125 0.629861 0.065625 0.087500
3 0.733203 0.635417 0.086719 0.090278
4 0.925000 0.068056 0.076563 0.091667
4 0.731250 0.254167 0.054688 0.086111
4 0.833203 0.354167 0.069531 0.091667
4 0.338281 0.451389 0.067188 0.088889
4 0.738281 0.445833 0.067188 0.086111
4 0.838672 0.537500 0.080469 0.094444
4 0.543359 0.633333 0.071094 0.091667
4 0.635547 0.638889 0.060156 0.083333
4 0.832031 0.642361 0.078125 0.095833
4 0.148438 0.920139 0.064062 0.093056
5 0.148828 0.057639 0.067969 0.087500
5 0.541406 0.164583 0.064062 0.095833
5 0.734766 0.161806 0.061719 0.093056
5 0.837891 0.169444 0.075781 0.094444
5 0.637500 0.253472 0.078125 0.087500
5 0.930469 0.260417 0.081250 0.084722
5 0.835938 0.449306 0.087500 0.084722
5 0.156250 0.636111 0.103125 0.100000
5 0.448438 0.729167 0.060938 0.088889
5 0.831641 0.731250 0.082031 0.087500
6 0.249219 0.055556 0.056250 0.091667
6 0.348828 0.064583 0.067969 0.098611
6 0.640625 0.061806 0.060938 0.093056
6 0.639063 0.162500 0.081250 0.091667
6 0.738281 0.345139 0.079687 0.095833
6 0.544531 0.536111 0.079687 0.094444
6 0.251953 0.725000 0.061719 0.088889
6 0.151953 0.825694 0.069531 0.095833
6 0.541406 0.915278 0.065625 0.088889
7 0.925781 0.165278 0.064062 0.100000
7 0.056250 0.443750 0.082813 0.090278
7 0.151953 0.539583 0.085156 0.095833
7 0.635156 0.546528 0.054688 0.093056
7 0.439453 0.641667 0.078906 0.083333
7 0.928516 0.738194 0.071094 0.095833
7 0.245703 0.829861 0.080469 0.081944
7 0.248047 0.932639 0.085156 0.087500
7 0.827344 0.927083 0.059375 0.098611
8 0.444922 0.066667 0.057031 0.097222
8 0.736719 0.063194 0.059375 0.095833
8 0.452734 0.163194 0.074219 0.081944
8 0.246875 0.254167 0.079687 0.086111
8 0.344922 0.257639 0.064844 0.093056
8 0.347656 0.356944 0.070313 0.091667
8 0.640625 0.722222 0.071875 0.100000
8 0.832812 0.819444 0.059375 0.094444
9 0.828516 0.070833 0.075781 0.100000
9 0.250000 0.350694 0.075000 0.098611
9 0.153516 0.443056 0.061719 0.091667
9 0.444531 0.452778 0.062500 0.094444
9 0.540234 0.447222 0.057031 0.086111
9 0.347266 0.545833 0.058594 0.083333
9 0.440625 0.825000 0.054688 0.080556
9 0.929688 0.636806 0.059375 0.084722
9 0.928125 0.825000 0.054688 0.086111
