8 0.860156 0.112500 0.045313 0.091667
8 0.864844 0.204167 0.054688 0.086111
8 0.861328 0.294444 0.049219 0.091667
8 0.860937 0.381944 0.075000 0.086111
8 0.867969 0.470139 0.054688 0.087500
8 0.857813 0.561111 0.057813 0.094444
8 0.863281 0.654861 0.039063 0.087500
8 0.861328 0.745833 0.064844 0.080556
8 0.864453 0.828472 0.053906 0.084722
8 0.863281 0.915278 0.068750 0.088889
7 0.770703 0.116667 0.053906 0.088889
7 0.769531 0.206250 0.070313 0.098611
7 0.764453 0.297222 0.060156 0.088889
7 0.771875 0.386111 0.073437 0.077778
7 0.771484 0.472222 0.069531 0.094444
7 0.770312 0.561806 0.056250 0.093056
7 0.773438 0.649306 0.056250 0.087500
7 0.767969 0.737500 0.065625 0.088889
7 0.771875 0.831944 0.062500 0.094444
7 0.769531 0.920139 0.079687 0.084722
6 0.679688 0.107639 0.059375 0.093056
6 0.683203 0.200000 0.067969 0.091667
6 0.685156 0.288194 0.071875 0.084722
6 0.684375 0.377083 0.067188 0.101389
6 0.683203 0.465972 0.060156 0.081944
6 0.682031 0.554861 0.053125 0.101389
6 0.686719 0.645139 0.062500 0.081944
6 0.678906 0.723611 0.076563 0.091667
6 0.682422 0.821528 0.063281 0.101389
6 0.681250 0.910417 0.064062 0.087500
5 0.591406 0.116667 0.087500 0.088889
5 0.594531 0.202778 0.065625 0.083333
5 0.589844 0.282639 0.092188 0.090278
5 0.587891 0.380556 0.063281 0.091667
5 0.593750 0.467361 0.071875 0.087500
5 0.592969 0.557639 0.076563 0.084722
5 0.582422 0.645139 0.072656 0.093056
5 0.588281 0.738889 0.054688 0.091667
5 0.591016 0.824306 0.063281 0.084722
5 0.584766 0.909028 0.080469 0.090278
4 0.494922 0.109722 0.067969 0.075000
4 0.492969 0.197222 0.070313 0.094444
4 0.491406 0.284722 0.065625 0.091667
4 0.493750 0.377083 0.067188 0.098611
4 0.498828 0.467361 0.074219 0.087500
4 0.498437 0.553472 0.064062 0.081944
4 0.497266 0.646528 0.071094 0.093056
4 0.494922 0.731250 0.082031 0.079167
4 0.500391 0.820139 0.075781 0.095833
4 0.499609 0.908333 0.072656 0.088889
3 0.399609 0.111111 0.074219 0.091667
3 0.399219 0.202778 0.064062 0.091667
3 0.400781 0.288194 0.073437 0.084722
3 0.398438 0.377778 0.057813 0.100000
3 0.400000 0.468056 0.059375 0.088889
3 0.400000 0.554167 0.076563 0.091667
3 0.401953 0.645139 0.058594 0.093056
3 0.408203 0.736111 0.074219 0.088889
3 0.397656 0.822917 0.084375 0.084722
3 0.400000 0.915972 0.070313 0.101389
2 0.314453 0.104861 0.083594 0.081944
2 0.314844 0.194444 0.082813 0.100000
2 0.317187 0.286111 0.079687 0.080556
2 0.317969 0.379167 0.073437 0.088889
2 0.307813 0.470139 0.064062 0.087500
2 0.312891 0.553472 0.077344 0.081944
2 0.310547 0.643750 0.075781 0.112500
2 0.314844 0.736111 0.078125 0.075000
2 0.309375 0.823611 0.062500 0.097222
2 0.315625 0.911806 0.075000 0.081944
1 0.214062 0.108333 0.053125 0.083333
1 0.218359 0.197222 0.064844 0.086111
1 0.219922 0.287500 0.058594 0.091667
1 0.222656 0.381250 0.064062 0.087500
1 0.222266 0.467361 0.057031 0.095833
1 0.221484 0.559722 0.044531 0.077778
1 0.221484 0.645833 0.050781 0.097222
1 0.219922 0.733333 0.049219 0.077778
1 0.221094 0.815278 0.078125 0.075000
1 0.222266 0.913889 0.072656 0.080556
0 0.127734 0.109028 0.067969 0.098611
0 0.127734 0.198611 0.089844 0.094444
0 0.130078 0.292361 0.080469 0.095833
0 0.131250 0.381944 0.081250 0.088889
0 0.135547 0.468750 0.080469 0.090278
0 0.130469 0.556944 0.087500 0.075000
0 0.129688 0.642361 0.089062 0.095833
0 0.128125 0.738194 0.084375 0.093056
0 0.130078 0.825694 0.078906 0.076389
0 0.127344 0.911111 0.075000 0.108333
