1 0.911719 0.116667 0.109375 0.188889
1 0.922656 0.614583 0.112500 0.215278
0 0.370703 0.100694 0.125781 0.170833
0 0.375000 0.616667 0.117188 0.191667
3 0.106250 0.356944 0.114063 0.219444
3 0.630859 0.356250 0.149219 0.231944
3 0.103906 0.867361 0.150000 0.184722
4 0.635938 0.104861 0.139062 0.184722
4 0.114453 0.611806 0.172656 0.209722
5 0.093750 0.106250 0.123438 0.168056
5 0.374609 0.350694 0.124219 0.165278
6 0.907031 0.345833 0.115625 0.200000
6 0.652344 0.852778 0.092188 0.208333
8 0.357031 0.869444 0.157813 0.183333
9 0.642969 0.627083 0.084375 0.170833
9 0.905859 0.879167 0.121094 0.172222
