9 0.050781 0.167361 0.071875 0.090278
9 0.939062 0.069444 0.060938 0.094444
9 0.943750 0.157639 0.065625 0.093056
9 0.941406 0.257639 0.056250 0.106944
9 0.943750 0.354861 0.053125 0.087500
9 0.941797 0.450694 0.058594 0.095833
9 0.942578 0.550000 0.069531 0.094444
9 0.944141 0.648611 0.060156 0.100000
9 0.944141 0.742361 0.060156 0.093056
9 0.942969 0.834028 0.065625 0.093056
9 0.942578 0.934722 0.049219 0.108333
8 0.855469 0.063194 0.062500 0.093056
8 0.857422 0.156944 0.064844 0.108333
8 0.860547 0.258333 0.058594 0.100000
8 0.858984 0.356250 0.053906 0.087500
8 0.857031 0.449306 0.065625 0.093056
8 0.857813 0.548611 0.071875 0.088889
8 0.862500 0.643750 0.064062 0.101389
8 0.863672 0.738194 0.055469 0.084722
8 0.857031 0.838194 0.057813 0.098611
8 0.858594 0.932639 0.046875 0.087500
7 0.049219 0.554167 0.071875 0.108333
7 0.046875 0.833333 0.070313 0.097222
7 0.768750 0.063889 0.068750 0.080556
7 0.770703 0.153472 0.064844 0.112500
7 0.771875 0.259722 0.053125 0.083333
7 0.770312 0.356250 0.053125 0.101389
7 0.769922 0.456250 0.075781 0.093056
7 0.770312 0.546528 0.075000 0.093056
7 0.770312 0.645139 0.062500 0.090278
7 0.769531 0.742361 0.051562 0.084722
7 0.769922 0.842361 0.080469 0.095833
7 0.771875 0.934722 0.043750 0.091667
6 0.687891 0.061806 0.064844 0.095833
6 0.689453 0.158333 0.057031 0.094444
6 0.689844 0.253472 0.056250 0.090278
6 0.688672 0.349306 0.058594 0.093056
6 0.690234 0.440972 0.064844 0.090278
6 0.686719 0.539583 0.079687 0.095833
6 0.688672 0.632639 0.058594 0.101389
6 0.692969 0.732639 0.065625 0.093056
6 0.687891 0.826389 0.066406 0.080556
6 0.686328 0.920139 0.052344 0.098611
5 0.058203 0.258333 0.064844 0.091667
5 0.056641 0.643056 0.067969 0.072222
5 0.603125 0.066667 0.073437 0.102778
5 0.598828 0.165278 0.053906 0.100000
5 0.605859 0.261806 0.072656 0.084722
5 0.603516 0.359028 0.063281 0.087500
5 0.605078 0.451389 0.063281 0.083333
5 0.601953 0.548611 0.067969 0.075000
5 0.604688 0.642361 0.062500 0.087500
5 0.603125 0.740972 0.054688 0.093056
5 0.601172 0.838889 0.066406 0.091667
5 0.600000 0.931944 0.056250 0.094444
4 0.048828 0.067361 0.066406 0.087500
4 0.052344 0.352083 0.054688 0.093056
4 0.514844 0.068750 0.070313 0.090278
4 0.516406 0.158333 0.062500 0.094444
4 0.520312 0.258333 0.059375 0.091667
4 0.516406 0.350694 0.057813 0.093056
4 0.515625 0.449306 0.059375 0.093056
4 0.518750 0.540278 0.071875 0.088889
4 0.514453 0.631944 0.061719 0.094444
4 0.519141 0.734722 0.063281 0.088889
4 0.513672 0.835417 0.067969 0.093056
4 0.516797 0.933333 0.057031 0.097222
3 0.429688 0.061806 0.062500 0.109722
3 0.432031 0.163889 0.057813 0.083333
3 0.431641 0.261806 0.057031 0.093056
3 0.425000 0.354861 0.067188 0.090278
3 0.432422 0.451389 0.067969 0.102778
3 0.428516 0.545833 0.080469 0.075000
3 0.429688 0.639583 0.059375 0.104167
3 0.426562 0.741667 0.062500 0.086111
3 0.429688 0.834028 0.073437 0.106944
3 0.429688 0.931944 0.054688 0.088889
2 0.050781 0.444444 0.075000 0.102778
2 0.342187 0.059722 0.084375 0.108333
2 0.341406 0.154167 0.057813 0.100000
2 0.344922 0.258333 0.071094 0.100000
2 0.343750 0.354167 0.059375 0.086111
2 0.348437 0.450000 0.067188 0.094444
2 0.339453 0.541667 0.074219 0.086111
2 0.343359 0.638194 0.072656 0.095833
2 0.346875 0.731944 0.062500 0.094444
2 0.345313 0.825694 0.067188 0.095833
2 0.343359 0.921528 0.055469 0.101389
1 0.256250 0.061806 0.040625 0.081944
1 0.264844 0.155556 0.054688 0.088889
1 0.257031 0.247917 0.064062 0.093056
1 0.262109 0.346528 0.042969 0.101389
1 0.258984 0.440972 0.041406 0.087500
1 0.260938 0.546528 0.042188 0.087500
1 0.262500 0.635417 0.060938 0.084722
1 0.261328 0.731944 0.032031 0.097222
1 0.259375 0.831250 0.034375 0.093056
1 0.265234 0.920833 0.063281 0.080556
0 0.171875 0.056944 0.075000 0.094444
0 0.169922 0.152083 0.072656 0.095833
0 0.173828 0.256250 0.061719 0.093056
0 0.177344 0.350694 0.062500 0.095833
0 0.177344 0.456250 0.070313 0.084722
0 0.174219 0.543056 0.073437 0.088889
0 0.175781 0.636806 0.075000 0.087500
0 0.172656 0.735417 0.060938 0.104167
0 0.173438 0.831944 0.073437 0.091667
0 0.173047 0.929861 0.060156 0.090278
