0 0.678125 0.178472 0.062500 0.109722
0 0.688672 0.340972 0.075781 0.129167
0 0.052734 0.476389 0.077344 0.091667
0 0.685156 0.695833 0.076563 0.091667
0 0.691016 0.828472 0.064844 0.098611
0 0.054297 0.943056 0.072656 0.072222
1 0.037500 0.072917 0.042188 0.112500
1 0.617578 0.069444 0.027344 0.108333
1 0.037109 0.350694 0.041406 0.090278
1 0.866406 0.343750 0.040625 0.079167
1 0.539453 0.476389 0.049219 0.100000
1 0.307031 0.486111 0.046875 0.100000
1 0.032031 0.601389 0.025000 0.080556
1 0.613672 0.602083 0.027344 0.076389
1 0.033594 0.827778 0.029687 0.086111
1 0.865234 0.818750 0.030469 0.081944
1 0.327344 0.934722 0.042188 0.088889
1 0.560156 0.945139 0.032812 0.073611
2 0.105859 0.059028 0.057031 0.090278
2 0.051562 0.188194 0.070313 0.087500
2 0.106641 0.602778 0.067969 0.083333
2 0.067578 0.717361 0.089844 0.093056
3 0.142578 0.193750 0.060156 0.129167
3 0.514063 0.345139 0.051562 0.095833
3 0.592578 0.345139 0.063281 0.106944
3 0.233984 0.479861 0.077344 0.106944
3 0.164844 0.711111 0.062500 0.088889
3 0.248437 0.939583 0.065625 0.093056
3 0.483984 0.832639 0.053906 0.104167
3 0.582422 0.825694 0.071094 0.106944
4 0.230859 0.204167 0.069531 0.127778
4 0.499219 0.222222 0.090625 0.138889
4 0.328516 0.362500 0.071094 0.113889
4 0.243359 0.710417 0.055469 0.095833
4 0.496094 0.715278 0.054688 0.102778
4 0.293750 0.825000 0.071875 0.091667
5 0.596094 0.195139 0.056250 0.104167
5 0.769141 0.208333 0.075781 0.127778
5 0.117578 0.353472 0.082031 0.112500
5 0.421094 0.347222 0.084375 0.127778
5 0.946875 0.358333 0.071875 0.122222
5 0.593359 0.710417 0.067969 0.106944
5 0.788672 0.715278 0.053906 0.102778
5 0.110547 0.827083 0.074219 0.095833
5 0.386328 0.827083 0.064844 0.090278
5 0.939062 0.826389 0.056250 0.108333
6 0.383203 0.076389 0.066406 0.119444
6 0.902344 0.076389 0.071875 0.119444
6 0.862109 0.203472 0.074219 0.126389
6 0.228125 0.355556 0.089062 0.116667
6 0.383594 0.484722 0.070313 0.100000
6 0.383984 0.604167 0.057031 0.091667
6 0.882031 0.600694 0.065625 0.079167
6 0.874219 0.715278 0.065625 0.088889
6 0.208594 0.828472 0.073437 0.098611
6 0.399609 0.935417 0.049219 0.095833
7 0.195703 0.063194 0.072656 0.090278
7 0.544922 0.073611 0.050781 0.111111
7 0.396875 0.205556 0.071875 0.111111
7 0.786328 0.349306 0.074219 0.106944
7 0.140234 0.486806 0.072656 0.095833
7 0.211719 0.600000 0.064062 0.083333
7 0.546094 0.600000 0.045313 0.075000
7 0.410937 0.711806 0.056250 0.090278
7 0.786719 0.827778 0.064062 0.094444
7 0.149609 0.939583 0.061719 0.084722
8 0.291016 0.067361 0.074219 0.101389
8 0.468750 0.066667 0.056250 0.102778
8 0.312891 0.207639 0.066406 0.120833
8 0.296484 0.597222 0.050781 0.080556
8 0.468359 0.600694 0.050781 0.079167
8 0.322266 0.716667 0.049219 0.108333
9 0.699609 0.061111 0.074219 0.097222
9 0.798828 0.062500 0.074219 0.097222
9 0.950781 0.198611 0.062500 0.111111
9 0.464844 0.480556 0.064062 0.111111
9 0.693750 0.599306 0.057813 0.076389
9 0.791797 0.600000 0.046094 0.075000
9 0.955859 0.711806 0.046094 0.095833
9 0.489453 0.943750 0.071094 0.079167
