9 0.644531 0.757639 0.100000 0.434722
8 0.522656 0.729167 0.087500 0.394444
7 0.400781 0.741667 0.103125 0.419444
6 0.262891 0.736806 0.085156 0.393056
5 0.140234 0.680556 0.108594 0.425000
4 0.645703 0.229861 0.105469 0.376389
4 0.919922 0.690278 0.113281 0.427778
3 0.512109 0.247222 0.105469 0.463889
3 0.786328 0.683333 0.116406 0.497222
2 0.396094 0.249306 0.096875 0.354167
2 0.897266 0.212500 0.100781 0.383333
1 0.270703 0.220833 0.105469 0.405556
1 0.776953 0.202778 0.063281 0.375000
0 0.114844 0.239583 0.135937 0.370833
