1 0.051953 0.231250 0.074219 0.434722
1 0.146094 0.218750 0.065625 0.409722
1 0.233984 0.227083 0.066406 0.440278
1 0.337109 0.210417 0.058594 0.420833
1 0.442578 0.197222 0.060156 0.388889
1 0.542969 0.225000 0.071875 0.433333
1 0.623438 0.212500 0.079687 0.413889
1 0.723828 0.218750 0.050781 0.431944
1 0.834375 0.252778 0.065625 0.472222
1 0.920313 0.256250 0.082813 0.495833
1 0.037500 0.772222 0.059375 0.450000
1 0.121094 0.680556 0.045313 0.433333
1 0.214062 0.687500 0.051562 0.433333
1 0.305078 0.765278 0.064844 0.463889
1 0.400000 0.749306 0.062500 0.493056
1 0.491406 0.758333 0.037500 0.422222
1 0.568359 0.795833 0.046094 0.394444
1 0.658203 0.775000 0.047656 0.363889
1 0.783203 0.793056 0.077344 0.402778
1 0.904688 0.746528 0.082813 0.479167
