2 0.040234 0.206250 0.060156 0.320833
2 0.108984 0.210417 0.072656 0.356944
2 0.192188 0.215278 0.067188 0.388889
2 0.263281 0.232639 0.057813 0.362500
2 0.346094 0.256944 0.076563 0.438889
2 0.429688 0.270139 0.085938 0.440278
2 0.519141 0.286806 0.077344 0.423611
2 0.624219 0.327083 0.096875 0.434722
2 0.730859 0.293056 0.103906 0.452778
2 0.837500 0.351389 0.090625 0.461111
2 0.946094 0.415972 0.095312 0.495833
2 0.082422 0.754861 0.124219 0.395833
2 0.223047 0.770139 0.127344 0.454167
2 0.341797 0.775694 0.086719 0.426389
2 0.469531 0.789583 0.114063 0.409722
2 0.583203 0.797917 0.091406 0.395833
2 0.707422 0.804861 0.107031 0.356944
