3 0.053125 0.177083 0.073437 0.337500
3 0.156641 0.181944 0.055469 0.358333
3 0.249609 0.191667 0.035156 0.380556
3 0.329297 0.193750 0.077344 0.376389
3 0.424219 0.167361 0.059375 0.329167
3 0.508203 0.206944 0.069531 0.377778
3 0.599609 0.224306 0.071094 0.423611
3 0.678516 0.193056 0.071094 0.380556
3 0.768359 0.236111 0.058594 0.452778
3 0.852344 0.243750 0.079687 0.454167
3 0.950781 0.371528 0.075000 0.479167
3 0.107031 0.602778 0.078125 0.386111
3 0.202734 0.643750 0.091406 0.431944
3 0.304297 0.642361 0.071094 0.420833
3 0.405859 0.638889 0.082031 0.411111
3 0.502734 0.620139 0.080469 0.420833
3 0.602734 0.736806 0.075781 0.443056
3 0.700000 0.708333 0.090625 0.402778
3 0.794531 0.795833 0.092188 0.394444
3 0.873047 0.790278 0.057031 0.327778
