4 0.037500 0.235417 0.051562 0.365278
4 0.108203 0.250000 0.066406 0.386111
4 0.205859 0.213889 0.078906 0.338889
4 0.311328 0.227778 0.092969 0.350000
4 0.423438 0.270139 0.082813 0.398611
4 0.543750 0.344444 0.126563 0.519444
4 0.660937 0.343056 0.089062 0.536111
4 0.766797 0.322917 0.085156 0.468056
4 0.871875 0.361806 0.103125 0.529167
4 0.061719 0.704167 0.096875 0.372222
4 0.186719 0.656250 0.081250 0.298611
4 0.280469 0.775000 0.068750 0.408333
4 0.391797 0.754167 0.099219 0.338889
4 0.521875 0.804167 0.126563 0.380556
4 0.666406 0.838194 0.096875 0.318056
4 0.798828 0.811806 0.097656 0.370833
4 0.933203 0.802083 0.103906 0.273611
