5 0.044531 0.200000 0.075000 0.355556
5 0.137891 0.173611 0.074219 0.336111
5 0.232422 0.165972 0.060156 0.320833
5 0.314453 0.195833 0.061719 0.322222
5 0.409766 0.195833 0.058594 0.319444
5 0.508984 0.181944 0.088281 0.358333
5 0.678125 0.218750 0.078125 0.359722
6 0.597266 0.177083 0.063281 0.312500
5 0.762500 0.238194 0.087500 0.320833
5 0.850000 0.270833 0.060938 0.297222
5 0.929297 0.277083 0.071094 0.373611
5 0.079687 0.638889 0.089062 0.430556
5 0.174609 0.629167 0.075781 0.436111
5 0.267969 0.622222 0.065625 0.377778
5 0.359766 0.641667 0.075781 0.391667
5 0.456250 0.653472 0.089062 0.423611
5 0.558984 0.725694 0.092969 0.401389
5 0.662500 0.732639 0.085938 0.370833
5 0.750000 0.723611 0.098438 0.380556
5 0.856250 0.775000 0.092188 0.363889
