6 0.067188 0.213889 0.075000 0.305556
6 0.166406 0.261111 0.093750 0.327778
6 0.293359 0.260417 0.108594 0.351389
6 0.403906 0.265972 0.093750 0.337500
6 0.514063 0.263889 0.090625 0.355556
6 0.604297 0.265278 0.077344 0.338889
6 0.714453 0.289583 0.085156 0.320833
6 0.829687 0.267361 0.078125 0.365278
6 0.914063 0.315278 0.073437 0.425000
6 0.110547 0.620833 0.078906 0.291667
6 0.201953 0.673611 0.069531 0.380556
6 0.286328 0.728472 0.085156 0.387500
6 0.390625 0.727778 0.085938 0.361111
6 0.500000 0.762500 0.090625 0.352778
6 0.607031 0.780556 0.082813 0.411111
6 0.715625 0.790972 0.090625 0.398611
6 0.818359 0.775694 0.083594 0.368056
6 0.923828 0.793750 0.094531 0.343056
