7 0.036719 0.182639 0.059375 0.323611
7 0.117188 0.229861 0.053125 0.412500
7 0.187891 0.229167 0.055469 0.402778
7 0.276953 0.227083 0.057031 0.406944
7 0.389453 0.265972 0.077344 0.434722
7 0.506641 0.220139 0.067969 0.343056
7 0.603125 0.268056 0.076563 0.400000
7 0.692187 0.264583 0.056250 0.326389
7 0.771094 0.265278 0.084375 0.355556
7 0.892969 0.297917 0.079687 0.315278
7 0.092578 0.718056 0.099219 0.272222
7 0.207813 0.762500 0.075000 0.369444
7 0.329688 0.757639 0.095312 0.390278
7 0.466406 0.766667 0.089062 0.383333
7 0.579297 0.734028 0.083594 0.412500
7 0.716016 0.764583 0.066406 0.420833
7 0.853516 0.765278 0.088281 0.394444
7 0.958984 0.759028 0.061719 0.404167
