8 0.057422 0.225694 0.071094 0.448611
8 0.152344 0.231944 0.090625 0.416667
8 0.268359 0.266667 0.075781 0.391667
8 0.356641 0.238889 0.066406 0.436111
8 0.483203 0.327778 0.099219 0.411111
8 0.595312 0.294444 0.085938 0.475000
8 0.700391 0.336111 0.074219 0.480556
8 0.791016 0.321528 0.071094 0.451389
8 0.892969 0.370139 0.082813 0.440278
8 0.114844 0.747222 0.060938 0.327778
8 0.212500 0.745139 0.082813 0.387500
8 0.319531 0.713194 0.075000 0.481944
8 0.431641 0.770833 0.088281 0.452778
8 0.533594 0.786111 0.067188 0.388889
8 0.650391 0.847222 0.063281 0.250000
8 0.743750 0.812500 0.087500 0.366667
8 0.853906 0.812500 0.073437 0.363889
