9 0.066797 0.191667 0.053906 0.291667
9 0.142578 0.190972 0.057031 0.293056
9 0.221484 0.204861 0.057031 0.337500
9 0.310156 0.175694 0.064062 0.318056
9 0.394922 0.187500 0.066406 0.330556
9 0.476563 0.186111 0.073437 0.347222
9 0.577734 0.207639 0.072656 0.370833
9 0.679688 0.276389 0.093750 0.416667
9 0.805078 0.257639 0.100781 0.406944
9 0.916016 0.295833 0.100781 0.386111
9 0.119922 0.643056 0.077344 0.344444
9 0.204297 0.647222 0.066406 0.338889
9 0.292188 0.643750 0.071875 0.334722
9 0.378516 0.656944 0.078906 0.341667
9 0.467578 0.654167 0.077344 0.397222
9 0.560156 0.670833 0.081250 0.391667
9 0.647266 0.751389 0.078906 0.313889
9 0.734375 0.750000 0.078125 0.327778
9 0.819141 0.775694 0.080469 0.356944
